23182
10108
21390
6748
16945
16057
5609
5267
19456
13380
28589
19143
28571
13231
11024
17628
25206
21054
26122
22810
21596
5938
24285
8480
19145
3449
1612
29895
27404
31453
25028
13669
14697
4522
3108
15198
1426
8981
1249
1242
12574
32632
19795
15779
28184
5214
29055
29943
12583
15297
6433
4390
30178
3239
22972
3004
14117
4082
6783
11985
29879
22024
23286
3930
8528
20749
31124
7359
28733
28991
11732
26434
23482
12870
18108
253
5323
27438
16676
25806
19357
29965
19836
16578
17328
8913
4169
23422
20092
26825
3518
23366
3823
9444
12831
22288
8339
27569
27887
6057
30869
22575
13836
32273
26964
20537
31388
16288
17218
28213
7088
3112
25270
21826
613
28498
16591
4721
27870
1213
21498
6099
16672
21735
15491
24979
10744
9489
13353
12296
32339
13271
10900
9871
19537
8777
17035
22209
20821
21076
26381
25624
15208
23729
13294
1951
13710
17083
9409
13897
20290
17551
22057
21983
21699
27557
29668
19165
11692
15629
26732
25751
8623
16241
28667
32030
29973
27532
32693
27377
7679
2546
6140
19534
18138
14105
27628
7907
1487
7643
24671
16568
6719
26091
22822
9861
7346
10993
24900
27894
19836
13134
7845
123
12231
23472
14064
3392
10221
3963
1981
20392
21906
15647
662
31408
1208
32470
18704
6015
28334
32219
27489
27799
1855
5507
30338
31341
12861
1822
6025
28769
7321
21329
5008
1197
10529
31665
18877
17567
24285
13931
25805
28784
8708
22877
12500
25698
4574
14928
6563
26522
20122
14181
2320
15323
25451
22537
2506
30658
6761
1390
22029
9538
14551
29198
5512
20830
8451
31368
12142
5767
13154
6114
5400
4485
25503
32707
9440
5647
31343
18512
15354
29687
11040
581
16013
26630
13174
11708
14408
8366
8650
32692
19788
25170
6717
26629
31065
3712
9377
28785
16452
20094
20964
6017
18975
4822
24888
26488
21245
13745
9815
25048
19867
20553
13239
24990
7639
16281
9544
21603
27871
22278
29718
3148
3713
3232
11219
29916
30081
11068
6966
15364
26505
7753
546
17466
3628
4456
27311
22036
30248
3479
30872
4767
21526
5905
9229
28566
463
28721
22288
11682
1369
29479
10268
31611
5408
16635
31126
13554
17844
24804
17407
21819
13262
30420
4846
6224
32402
22658
31383
6014
5441
12915
15906
29589
3996
32612
17538
25440
22221
20609
8337
22771
30565
19858
31242
28786
27614
26065
11843
30494
8949
11329
12335
12949
800
30401
7453
11862
12222
12398
10541
31574
330
18364
14990
31708
30395
15144
3778
11289
17276
22075
3744
24111
9503
21574
30367
4540
2471
4245
32135
30400
23081
29569
24107
1249
9522
19903
24120
31398
94
27304
5988
24560
23443
22378
11973
20695
5702
7204
10537
6245
27333
32688
7619
15597
18691
3799
4553
18829
87
8636
2870
11115
14018
20315
7669
31802
4962
9774
24272
29738
8993
29512
14532
30450
13963
5142
29364
23328
12753
15836
4110
14277
8090
29525
5522
19278
6939
19124
19501
24333
27524
22228
8576
13521
17319
15788
7869
22180
22022
27396
5463
20720
28080
26521
6304
25629
25861
739
22271
16710
5617
21891
22219
32280
14085
